0 3 1 0
0 4 1 0
0 5 1 0
0 6 0 0
0 7 0 0
0 8 1 0
0 9 1 7
0 10 0 5
0 11 0 5
0 12 0 5
0 13 0 5
0 14 0 5
0 15 0 5
0 16 0 5
0 17 0 5
0 18 0 5
0 19 0 5
0 20 0 5
0 21 0 5
0 22 1 7
1 3 1 0
1 4 1 0
1 5 1 0
1 6 0 0
1 7 0 0
1 9 1 7
1 10 2 0
1 11 0 5
1 12 0 5
1 13 0 5
1 14 0 5
1 15 0 5
1 16 0 5
1 17 0 5
1 18 0 5
1 19 0 5
1 20 0 5
1 21 2 0
1 22 1 7
2 3 1 0
2 4 1 0
2 5 1 0
2 6 0 2
2 7 0 2
2 8 1 0
2 9 1 7
2 10 0 5
2 11 0 5
2 12 0 5
2 13 0 5
2 14 0 5
2 15 0 5
2 16 0 5
2 17 0 5
2 18 0 5
2 19 0 5
2 20 0 5
2 21 0 5
2 22 1 7
3 6 0 2
3 7 0 2
3 8 1 0
3 9 1 6
3 10 1 5
3 11 1 5
3 12 1 5
3 13 1 5
3 14 1 7
3 15 0 6
3 16 0 6
3 17 1 7
3 18 1 5
3 19 1 5
3 20 1 5
3 21 1 5
3 22 1 5
4 14 1 7
4 15 0 2
4 16 0 2
4 17 1 7
5 14 1 7
5 15 0 6
5 16 0 6
5 17 1 7
6 11 1 6
6 12 1 5
6 13 1 5
6 14 1 5
6 15 0 6
6 16 0 6
6 17 1 5
6 18 1 5
6 19 1 5
6 20 1 6
7 11 1 7
7 12 0 0
7 13 0 0
7 14 0 0
7 15 0 0
7 16 0 0
7 17 0 0
7 18 0 0
7 19 0 0
7 20 1 7
8 11 1 7
8 12 0 0
8 13 0 0
8 14 0 0
8 15 0 0
8 16 0 0
8 17 0 0
8 18 0 0
8 19 0 0
8 20 1 7
9 11 1 7
9 12 0 0
9 13 0 0
9 14 0 0
9 15 0 0
9 16 0 0
9 17 0 0
9 18 0 0
9 19 0 0
9 20 1 7
10 11 1 7
10 12 0 0
10 13 0 0
10 14 0 0
10 15 0 0
10 16 0 0
10 17 0 0
10 18 0 0
10 19 0 0
10 20 1 7
11 11 1 7
11 12 0 0
11 13 0 0
11 14 0 0
11 15 0 0
11 16 0 0
11 17 0 0
11 18 0 0
11 19 0 0
11 20 1 7
12 11 1 6
12 12 1 5
12 13 1 5
12 14 1 6
12 15 0 2
12 16 0 2
12 17 1 6
12 18 1 5
12 19 1 5
12 20 1 6
13 11 1 8
13 14 1 7
13 15 0 2
13 16 0 2
13 17 1 7
13 20 1 8
14 14 1 7
14 15 0 2
14 16 0 2
14 17 1 7
15 14 1 7
15 15 0 2
15 16 0 2
15 17 1 7
16 14 1 7
16 15 0 2
16 16 0 2
16 17 1 7
17 14 1 7
17 15 0 2
17 16 0 2
17 17 1 7
18 9 1 6
18 10 1 5
18 11 1 5
18 12 1 5
18 13 1 5
18 14 1 7
18 15 0 2
18 16 0 2
18 17 1 7
18 18 1 5
18 19 1 5
18 20 1 5
18 21 1 5
18 22 1 6
19 9 1 7
19 10 0 2
19 11 0 2
19 12 0 2
19 13 0 2
19 14 0 2
19 15 0 2
19 16 0 2
19 17 0 2
19 18 0 2
19 19 0 2
19 20 0 2
19 21 0 2
19 22 1 7
20 9 1 7
20 10 0 2
20 11 0 2
20 12 0 2
20 13 0 2
20 14 0 2
20 15 0 2
20 16 0 2
20 17 0 2
20 18 0 2
20 19 0 2
20 20 0 2
20 21 0 2
20 22 1 7
21 9 1 7
21 10 0 2
21 11 0 2
21 12 0 2
21 13 0 2
21 14 0 2
21 15 0 2
21 16 0 2
21 17 0 2
21 18 0 2
21 19 0 2
21 20 0 2
21 21 0 2
21 22 1 7
22 9 1 7
22 10 0 2
22 11 0 2
22 12 0 2
22 13 0 2
22 14 0 2
22 15 0 2
22 16 0 2
22 17 0 2
22 18 0 2
22 19 0 2
22 20 0 2
22 21 0 2
22 22 1 7
23 9 1 8
23 10 0 1
23 11 0 1
23 12 0 1
23 13 0 1
23 14 0 1
23 15 0 1
23 16 0 1
23 17 0 1
23 18 0 1
23 19 0 1
23 20 0 1
23 21 0 1
23 22 1 8
