4 5 1 4
4 6 1 4
4 7 1 4
4 8 1 4
4 9 1 4
4 10 1 4
4 11 1 4
4 12 1 4
4 13 1 4
4 14 1 4
4 15 1 4
4 32 1 5
4 33 1 4
4 34 1 4
4 35 1 4
4 36 1 4
4 37 1 4
4 38 1 4
4 39 1 4
4 40 1 4
4 41 1 4
4 42 1 5
5 5 1 6
5 6 0 0
5 7 0 0
5 8 0 0
5 9 0 0
5 10 0 0
5 11 0 0
5 12 0 0
5 13 0 0
5 14 0 0
5 15 1 6
5 17 1 5
5 18 1 4
5 19 1 4
5 20 1 4
5 21 1 4
5 22 1 4
5 23 1 4
5 24 1 4
5 25 1 4
5 26 1 4
5 27 1 4
5 28 1 4
5 29 1 4
5 30 1 5
5 32 1 6
5 33 0 0
5 34 0 0
5 35 0 0
5 36 0 0
5 37 0 0
5 38 0 0
5 39 0 0
5 40 0 0
5 41 0 0
5 42 1 6
6 5 1 6
6 6 0 0
6 7 2 1
6 8 0 0
6 9 0 0
6 10 0 0
6 11 0 0
6 12 0 0
6 13 2 1
6 14 0 0
6 15 1 5
6 16 1 4
6 17 1 6
6 18 0 5
6 19 0 5
6 20 0 5
6 21 0 5
6 22 0 5
6 23 0 5
6 24 0 5
6 25 0 5
6 26 0 5
6 27 0 5
6 28 0 5
6 29 0 5
6 30 1 4
6 31 1 4
6 32 1 4
6 33 0 0
6 34 2 1
6 35 0 0
6 36 0 0
6 37 0 0
6 38 0 0
6 39 0 0
6 40 2 1
6 41 0 0
6 42 1 6
7 5 1 6
7 6 0 0
7 7 0 0
7 8 0 0
7 9 0 0
7 10 0 0
7 11 0 0
7 12 0 0
7 13 0 0
7 14 0 0
7 15 0 0
7 16 0 0
7 17 0 0
7 18 0 5
7 19 0 5
7 20 0 5
7 21 0 5
7 22 0 5
7 23 0 5
7 24 0 5
7 25 0 5
7 26 0 5
7 27 0 5
7 28 0 5
7 29 0 5
7 30 0 0
7 31 0 0
7 32 0 0
7 33 0 0
7 34 0 0
7 35 0 0
7 36 0 0
7 37 0 0
7 38 0 0
7 39 0 0
7 40 0 0
7 41 0 0
7 42 1 6
8 5 1 6
8 6 0 0
8 7 0 0
8 8 0 0
8 9 0 0
8 10 0 0
8 11 0 0
8 12 0 0
8 13 0 0
8 14 0 0
8 15 0 0
8 16 0 0
8 17 0 0
8 18 0 5
8 19 0 5
8 20 0 5
8 21 0 5
8 22 0 5
8 23 0 5
8 24 0 5
8 25 0 5
8 26 0 5
8 27 0 5
8 28 0 5
8 29 0 5
8 30 0 0
8 31 0 0
8 32 0 0
8 33 0 0
8 34 0 0
8 35 0 0
8 36 0 0
8 37 0 0
8 38 0 0
8 39 0 0
8 40 0 0
8 41 0 0
8 42 1 6
9 5 1 6
9 6 0 0
9 7 0 0
9 8 0 0
9 9 0 0
9 10 0 0
9 11 0 0
9 12 0 0
9 13 0 0
9 14 0 0
9 15 0 0
9 16 0 0
9 17 0 0
9 18 0 5
9 19 0 5
9 20 0 5
9 21 0 5
9 22 0 5
9 23 0 5
9 24 0 5
9 25 0 5
9 26 0 5
9 27 0 5
9 28 0 5
9 29 0 5
9 30 0 0
9 31 0 0
9 32 0 0
9 33 0 0
9 34 0 0
9 35 0 0
9 36 0 0
9 37 0 0
9 38 0 0
9 39 0 0
9 40 0 0
9 41 0 0
9 42 1 6
10 5 1 6
10 6 0 0
10 7 2 1
10 8 0 0
10 9 0 0
10 10 0 0
10 11 0 0
10 12 0 0
10 13 2 1
10 14 0 0
10 15 1 4
10 16 1 4
10 17 1 6
10 18 0 5
10 19 0 5
10 20 0 5
10 21 0 5
10 22 0 5
10 23 0 5
10 24 0 5
10 25 0 5
10 26 0 5
10 27 0 5
10 28 0 5
10 29 0 5
10 30 1 4
10 31 1 4
10 32 1 5
10 33 0 0
10 34 2 1
10 35 0 0
10 36 0 0
10 37 0 0
10 38 0 0
10 39 0 0
10 40 2 1
10 41 0 0
10 42 1 6
11 5 1 6
11 6 0 0
11 7 0 0
11 8 0 0
11 9 0 0
11 10 0 0
11 11 0 0
11 12 0 0
11 13 0 0
11 14 0 0
11 15 1 6
11 17 1 4
11 18 1 4
11 19 1 4
11 20 1 4
11 21 1 4
11 22 1 5
11 23 0 5
11 24 0 5
11 25 1 5
11 26 1 4
11 27 1 4
11 28 1 4
11 29 1 4
11 30 1 4
11 32 1 6
11 33 0 0
11 34 0 0
11 35 0 0
11 36 0 0
11 37 0 0
11 38 0 0
11 39 0 0
11 40 0 0
11 41 0 0
11 42 1 6
12 5 1 5
12 6 1 4
12 7 1 4
12 8 1 4
12 9 1 4
12 10 1 4
12 11 1 4
12 12 1 4
12 13 1 4
12 14 1 4
12 15 1 5
12 22 1 6
12 23 0 6
12 24 0 6
12 25 1 6
12 32 1 4
12 33 1 4
12 34 1 4
12 35 1 4
12 36 1 4
12 37 1 4
12 38 1 4
12 39 1 4
12 40 1 4
12 41 1 4
12 42 1 4
13 22 1 6
13 23 0 6
13 24 0 6
13 25 1 6
14 22 1 6
14 23 0 6
14 24 0 6
14 25 1 6
15 22 1 6
15 23 0 6
15 24 0 6
15 25 1 6
16 22 1 6
16 23 0 6
16 24 0 6
16 25 1 6
17 22 1 6
17 23 0 6
17 24 0 6
17 25 1 6
18 4 1 5
18 5 1 4
18 6 1 4
18 7 1 4
18 8 1 4
18 9 1 4
18 10 1 4
18 11 1 4
18 12 1 4
18 13 1 4
18 14 1 5
18 19 1 5
18 20 1 4
18 21 1 4
18 22 1 4
18 23 0 6
18 24 0 6
18 25 1 4
18 26 1 4
18 27 1 4
18 28 1 5
18 34 1 5
18 35 1 4
18 36 1 4
18 37 1 4
18 38 1 4
18 39 1 4
18 40 1 5
19 4 1 6
19 5 0 4
19 6 0 4
19 7 0 4
19 8 0 4
19 9 0 4
19 10 0 4
19 11 0 4
19 12 0 4
19 13 0 4
19 14 1 6
19 19 1 6
19 20 0 1
19 21 0 0
19 22 0 0
19 23 0 0
19 24 0 0
19 25 0 0
19 26 0 1
19 27 0 0
19 28 1 6
19 34 1 6
19 35 2 0
19 36 0 0
19 37 0 0
19 38 0 0
19 39 2 0
19 40 1 6
19 49 0 1
20 4 1 6
20 5 0 4
20 6 0 4
20 7 0 4
20 8 0 4
20 9 0 4
20 10 0 4
20 11 0 4
20 12 0 4
20 13 0 4
20 14 1 8
20 15 1 4
20 16 1 4
20 17 1 4
20 18 1 4
20 19 1 4
20 20 0 0
20 21 0 0
20 22 0 1
20 23 0 0
20 24 0 0
20 25 0 0
20 26 0 0
20 27 0 0
20 28 1 4
20 29 1 4
20 30 1 4
20 31 1 4
20 32 1 4
20 33 1 4
20 34 1 4
20 35 0 0
20 36 0 1
20 37 0 0
20 38 0 0
20 39 0 0
20 40 1 6
21 4 1 6
21 5 0 4
21 6 0 4
21 7 0 4
21 8 0 4
21 9 0 4
21 10 0 4
21 11 0 4
21 12 0 4
21 13 0 4
21 14 0 4
21 15 0 4
21 16 0 4
21 17 0 4
21 18 0 4
21 19 0 3
21 20 0 0
21 21 0 0
21 22 1 3
21 23 1 3
21 24 1 3
21 25 1 3
21 26 0 0
21 27 0 0
21 28 0 3
21 29 0 1
21 30 0 0
21 31 0 0
21 32 0 0
21 33 0 0
21 34 0 0
21 35 0 0
21 36 0 0
21 37 0 0
21 38 0 0
21 39 2 0
21 40 1 6
22 4 1 6
22 5 0 4
22 6 0 4
22 7 0 4
22 8 0 4
22 9 0 4
22 10 0 4
22 11 0 4
22 12 0 4
22 13 0 4
22 14 0 4
22 15 0 4
22 16 0 4
22 17 0 4
22 18 0 4
22 19 0 3
22 20 0 0
22 21 0 0
22 22 1 3
22 23 1 3
22 24 1 3
22 25 1 3
22 26 0 0
22 27 0 0
22 28 0 3
22 29 0 0
22 30 0 0
22 31 0 0
22 32 0 0
22 33 0 1
22 34 0 0
22 35 0 0
22 36 0 0
22 37 0 0
22 38 0 0
22 39 0 0
22 40 1 6
23 4 1 6
23 5 0 4
23 6 0 4
23 7 0 4
23 8 0 4
23 9 0 4
23 10 0 4
23 11 0 4
23 12 0 4
23 13 0 4
23 14 1 5
23 15 1 4
23 16 1 4
23 17 1 4
23 18 1 4
23 19 1 5
23 20 0 0
23 21 0 0
23 22 1 3
23 23 1 3
23 24 1 3
23 25 1 3
23 26 0 0
23 27 0 0
23 28 1 6
23 29 1 4
23 30 1 4
23 31 1 4
23 32 1 4
23 33 1 4
23 34 1 4
23 35 0 0
23 36 0 0
23 37 0 1
23 38 0 0
23 39 2 0
23 40 1 6
24 4 1 6
24 5 0 4
24 6 0 7
24 7 0 4
24 8 0 7
24 9 0 4
24 10 0 7
24 11 0 4
24 12 0 7
24 13 0 4
24 14 1 6
24 19 1 6
24 20 0 0
24 21 0 0
24 22 0 0
24 23 0 0
24 24 0 0
24 25 0 0
24 26 0 0
24 27 0 0
24 28 1 6
24 34 1 6
24 35 2 0
24 36 0 0
24 37 0 0
24 38 0 0
24 39 0 1
24 40 1 6
25 4 1 4
25 5 1 4
25 6 1 4
25 7 1 4
25 8 1 4
25 9 1 4
25 10 1 4
25 11 1 4
25 12 1 4
25 13 1 4
25 14 1 4
25 19 1 6
25 20 0 0
25 21 0 0
25 22 0 0
25 23 0 0
25 24 0 0
25 25 0 0
25 26 0 0
25 27 0 0
25 28 1 6
25 34 1 8
25 35 1 4
25 36 1 4
25 37 1 4
25 38 1 4
25 39 1 4
25 40 1 4
26 19 1 6
26 20 0 0
26 21 0 0
26 22 0 0
26 23 0 0
26 24 0 0
26 25 0 0
26 26 0 0
26 27 0 0
26 28 1 6
27 19 1 8
27 20 1 4
27 21 1 4
27 22 1 4
27 23 0 0
27 24 0 0
27 25 0 0
27 26 1 4
27 27 1 4
27 28 1 5
28 22 1 4
28 23 0 0
28 24 0 0
28 25 0 0
28 26 1 4
29 9 1 5
29 10 1 4
29 11 1 4
29 12 1 4
29 13 1 4
29 14 1 4
29 15 1 4
29 16 1 4
29 17 1 6
29 19 1 5
29 20 1 4
29 21 1 4
29 22 1 4
29 23 0 0
29 24 0 0
29 25 0 0
29 26 1 4
29 27 1 4
29 28 1 5
29 32 1 5
29 33 1 4
29 34 1 4
29 35 1 4
29 36 1 4
29 37 1 4
29 38 1 4
29 39 1 4
29 40 1 4
29 41 1 4
29 42 1 4
29 43 1 4
29 44 1 4
29 45 1 4
29 46 1 4
29 47 1 5
30 9 1 6
30 10 0 0
30 11 0 0
30 12 0 0
30 13 0 0
30 14 0 0
30 15 0 0
30 16 0 0
30 17 1 6
30 19 1 6
30 20 0 0
30 21 0 0
30 22 0 0
30 23 0 0
30 24 0 0
30 25 0 0
30 26 0 0
30 27 0 0
30 28 1 6
30 32 1 6
30 33 0 0
30 34 0 0
30 35 0 0
30 36 0 0
30 37 0 0
30 38 0 0
30 39 0 0
30 40 0 0
30 41 0 0
30 42 0 0
30 43 0 0
30 44 0 0
30 45 0 0
30 46 0 0
30 47 1 6
31 9 1 6
31 10 0 0
31 11 0 0
31 12 0 0
31 13 0 0
31 14 0 0
31 15 0 0
31 16 0 0
31 17 1 6
31 19 1 6
31 20 0 0
31 21 0 0
31 22 0 0
31 23 0 0
31 24 0 0
31 25 0 0
31 26 0 0
31 27 0 0
31 28 1 6
31 32 1 6
31 33 0 0
31 34 0 0
31 35 1 5
31 36 1 4
31 37 1 4
31 38 1 4
31 39 1 4
31 40 1 4
31 41 1 4
31 42 1 4
31 43 1 4
31 44 1 5
31 45 0 0
31 46 0 0
31 47 1 6
32 9 1 6
32 10 0 0
32 11 0 0
32 12 0 0
32 13 0 0
32 14 0 0
32 15 0 0
32 16 0 0
32 17 1 4
32 18 1 4
32 19 1 4
32 20 0 0
32 21 0 0
32 22 0 0
32 23 0 0
32 24 0 0
32 25 0 0
32 26 0 0
32 27 0 0
32 28 1 5
32 29 1 4
32 30 1 4
32 31 1 4
32 32 1 5
32 33 0 0
32 34 0 0
32 35 1 6
32 44 1 6
32 45 0 0
32 46 0 0
32 47 1 6
33 9 1 6
33 10 0 0
33 11 0 0
33 12 0 0
33 13 0 0
33 14 0 0
33 15 0 0
33 16 0 0
33 17 0 0
33 18 0 0
33 19 0 0
33 20 0 0
33 21 0 0
33 22 0 0
33 23 0 0
33 24 0 0
33 25 0 0
33 26 0 0
33 27 0 0
33 28 0 0
33 29 0 0
33 30 0 0
33 31 0 0
33 32 0 0
33 33 0 0
33 34 0 0
33 35 1 6
33 44 1 6
33 45 0 0
33 46 0 0
33 47 1 6
34 9 1 6
34 10 0 0
34 11 0 0
34 12 0 0
34 13 0 0
34 14 0 0
34 15 0 0
34 16 0 0
34 17 0 0
34 18 0 0
34 19 0 0
34 20 0 0
34 21 0 0
34 22 0 0
34 23 0 0
34 24 0 0
34 25 0 0
34 26 0 0
34 27 0 0
34 28 0 0
34 29 0 0
34 30 0 0
34 31 0 0
34 32 0 0
34 33 0 0
34 34 0 0
34 35 1 6
34 44 1 6
34 45 0 0
34 46 0 0
34 47 1 6
35 9 1 6
35 10 0 0
35 11 0 0
35 12 0 0
35 13 0 0
35 14 0 0
35 15 0 0
35 16 0 0
35 17 0 0
35 18 0 0
35 19 0 0
35 20 0 0
35 21 0 0
35 22 0 0
35 23 0 0
35 24 0 0
35 25 0 0
35 26 0 0
35 27 0 0
35 28 0 0
35 29 0 0
35 30 0 0
35 31 0 0
35 32 0 0
35 33 0 0
35 34 0 0
35 35 1 6
35 44 1 6
35 45 0 0
35 46 0 0
35 47 1 6
36 9 1 6
36 10 0 0
36 11 0 0
36 12 0 0
36 13 0 0
36 14 0 0
36 15 0 0
36 16 0 0
36 17 1 5
36 18 1 4
36 19 1 6
36 20 0 0
36 21 0 0
36 22 0 0
36 23 0 0
36 24 0 0
36 25 0 0
36 26 0 0
36 27 0 0
36 28 1 6
36 29 1 4
36 30 1 4
36 31 1 4
36 32 1 5
36 33 0 0
36 34 0 0
36 35 1 6
36 44 1 6
36 45 0 0
36 46 0 0
36 47 1 6
37 9 1 6
37 10 0 0
37 11 0 0
37 12 0 0
37 13 0 0
37 14 0 0
37 15 0 0
37 16 0 0
37 17 1 6
37 19 1 6
37 20 0 0
37 21 0 0
37 22 2 1
37 23 0 0
37 24 0 0
37 25 0 0
37 26 2 1
37 27 0 0
37 28 1 6
37 32 1 6
37 33 0 0
37 34 0 0
37 35 1 4
37 36 1 4
37 37 1 4
37 38 1 4
37 39 1 4
37 40 1 4
37 41 1 4
37 42 1 4
37 43 1 4
37 44 1 4
37 45 0 0
37 46 0 0
37 47 1 6
38 9 1 6
38 10 1 4
38 11 1 4
38 12 0 0
38 13 0 0
38 14 0 0
38 15 1 4
38 16 1 4
38 17 1 6
38 19 1 6
38 20 0 0
38 21 0 0
38 22 0 0
38 23 0 0
38 24 0 0
38 25 0 0
38 26 0 0
38 27 0 0
38 28 1 6
38 32 1 6
38 33 0 0
38 34 0 0
38 35 0 0
38 36 0 0
38 37 0 0
38 38 0 0
38 39 0 0
38 40 0 0
38 41 0 0
38 42 0 0
38 43 0 0
38 44 0 0
38 45 0 0
38 46 0 0
38 47 1 6
39 12 0 0
39 13 0 0
39 14 0 0
39 19 1 4
39 20 1 4
39 21 1 4
39 22 1 4
39 23 1 4
39 24 1 4
39 25 1 4
39 26 1 4
39 27 1 4
39 28 1 4
39 32 1 4
39 33 1 4
39 34 1 4
39 35 1 4
39 36 1 4
39 37 1 4
39 38 1 5
39 39 0 0
39 40 0 0
39 41 1 5
39 42 1 4
39 43 1 4
39 44 1 4
39 45 1 4
39 46 1 4
39 47 1 4
40 9 1 4
40 10 0 0
40 11 0 0
40 12 0 0
40 13 0 0
40 14 0 0
40 15 0 0
40 16 0 0
40 17 1 4
40 38 1 6
40 39 0 0
40 40 0 0
40 41 1 6
41 9 1 4
41 10 0 0
41 11 2 1
41 12 0 0
41 13 0 0
41 14 0 0
41 15 2 1
41 16 0 0
41 17 1 4
41 36 1 5
41 37 1 4
41 38 1 4
41 39 0 0
41 40 2 0
41 41 1 4
41 42 1 4
41 43 1 5
42 9 1 4
42 10 0 0
42 11 0 0
42 12 0 0
42 13 0 0
42 14 0 0
42 15 0 0
42 16 0 0
42 17 1 4
42 36 1 6
42 37 0 0
42 38 0 0
42 39 0 0
42 40 0 0
42 41 0 0
42 42 0 0
42 43 1 6
43 9 1 4
43 10 0 0
43 11 0 0
43 12 0 0
43 13 0 0
43 14 0 0
43 15 0 0
43 16 0 0
43 17 1 4
43 36 1 6
43 37 0 0
43 38 0 0
43 39 0 0
43 40 0 0
43 41 0 0
43 42 0 0
43 43 1 6
44 9 1 4
44 10 0 0
44 11 0 0
44 12 0 0
44 13 0 0
44 14 0 0
44 15 0 0
44 16 0 0
44 17 1 4
44 36 1 6
44 37 0 0
44 38 0 0
44 39 0 0
44 40 0 0
44 41 0 0
44 42 0 0
44 43 1 6
45 9 1 4
45 10 0 0
45 11 0 0
45 12 0 0
45 13 0 0
45 14 0 0
45 15 0 0
45 16 0 0
45 17 1 4
45 36 1 4
45 37 1 4
45 38 1 4
45 39 1 4
45 40 1 4
45 41 1 4
45 42 1 4
45 43 1 4
46 9 1 4
46 10 0 0
46 11 0 0
46 12 0 0
46 13 0 0
46 14 0 0
46 15 0 0
46 16 0 0
46 17 1 4
47 9 1 4
47 10 0 0
47 11 2 1
47 12 0 0
47 13 0 0
47 14 0 0
47 15 2 1
47 16 0 0
47 17 1 4
48 9 1 4
48 10 0 0
48 11 0 0
48 12 0 0
48 13 0 0
48 14 0 0
48 15 0 0
48 16 0 0
48 17 1 4
49 9 1 4
49 10 1 6
49 11 1 6
49 12 1 6
49 13 1 6
49 14 1 6
49 15 1 6
49 16 1 6
49 17 1 5
