0 3 1 5
0 4 1 4
0 5 1 4
0 6 1 4
0 7 1 4
0 8 1 4
0 9 1 4
0 10 1 4
0 11 1 4
0 12 1 4
0 13 1 5
1 3 1 6
1 4 0 0
1 5 2 5
1 6 0 0
1 7 0 0
1 8 0 0
1 9 0 0
1 10 0 0
1 11 2 5
1 12 0 0
1 13 1 6
2 3 1 6
2 4 0 0
2 5 0 0
2 6 0 0
2 7 0 0
2 8 0 0
2 9 0 0
2 10 0 0
2 11 0 0
2 12 0 0
2 13 1 6
3 3 1 6
3 4 0 0
3 5 0 0
3 6 0 0
3 7 0 0
3 8 0 0
3 9 0 0
3 10 0 0
3 11 0 0
3 12 0 0
3 13 1 6
4 3 1 6
4 4 0 0
4 5 2 5
4 6 0 0
4 7 0 0
4 8 0 0
4 9 0 0
4 10 0 0
4 11 2 5
4 12 0 0
4 13 1 6
5 3 1 6
5 4 0 0
5 5 0 0
5 6 0 0
5 7 0 0
5 8 0 0
5 9 0 0
5 10 0 0
5 11 0 0
5 12 0 0
5 13 1 6
6 3 1 8
6 4 1 4
6 5 1 4
6 6 1 5
6 7 0 0
6 8 0 0
6 9 0 0
6 10 1 5
6 11 1 4
6 12 1 4
6 13 1 4
